0,1,2,3
0,0.009895823748102718,0.012146543316419605,0.01129199897583881,0.014295034520228714
1,0.011419327253824592,0.013764844504824536,0.014501961072740691,0.01366588267967431
2,0.014068543614351916,0.016081493649718365,0.018071382309710695,0.01724796205642112
3,0.019296199129312654,0.021143716031195033,0.029878566361032546,0.02569291475160592
4,0.02475561198581035,0.030985363878436683,0.03651446269694117,0.030717856977894593
12,-0.001453642061284993,-0.018562010867550105,0.0068426481491823,0.033780076740951646
5,0.03608448496128335,0.04107399980114968,0.04917676207876813,0.044998889726891554
13,0.03565292662198978,0.0346998103088298,0.04107356874917496,0.04603748021408764
14,0.04918999074628089,0.059124881451554805,0.06205004056687056,0.05801710453083353
6,0.05170033420227188,0.05691607425312238,0.0594863889239559,0.05748791695895243
7,0.06686098920738474,0.06553884917525327,0.06703289925850309,0.060488065429075116
20,-0.19875726856876727,-0.37759065461457586,-0.0017359211191755562,-0.13904121089480526
28,-0.1725209101683005,-0.35399487428471466,-0.3267470967285414,-0.3211433399408344
29,0.0,0.0,0.0,0.0
8,0.00904277567310922,0.00782694079998835,0.009477445899926688,0.012446269369634055
16,0.007531777619541723,-0.0006338170007979285,-0.0004206782557302946,0.002670183833295379
17,-0.012941761249298795,-0.016224387060846474,-0.01959107931536107,-0.007520656293956325
9,0.0045047592313804275,0.007176335014106851,0.007237564802132078,0.013646002157513836
10,0.006396253465089932,-0.004625392703785076,-0.009244016571612113,0.017419940880131737
11,-0.5451790094754811,-0.30643293650339404,-0.06712794947528453,0.024313697482676207
15,0.06972701228483977,0.06916666956477693,0.06973558078803009,0.0672431098333584
23,0.08604572145615051,0.09003098664742654,0.08621580605724148,0.08045838107666493
18,-0.04619253940754103,-0.3097085108325904,-0.2831231446086713,-0.47304424670211853
26,-0.1301941527317108,-0.22484073825337533,-0.24526572086346865,-0.21845477116055173
19,0.0,0.0,0.0,0.0
22,0.05458780978560971,0.06086645849236323,0.0718289350635069,0.06263382895584495
30,-0.3551776284731856,-0.43363157067079694,0.10232792402687678,-0.2677817601508254
31,0.11483508835328952,0.12097200127692646,0.1256733375151095,0.09942432086356294
39,0.21283858202248976,0.2008573040266622,0.21652804886034485,0.11802057460173503
38,-0.47791181206247024,-0.22775068700608903,-0.18041181753695765,0.060241983039709186
47,-0.05768770089885504,-0.3177342205768223,0.42732668142079355,-0.2053885511698239
55,0.1280772373031938,-0.00492025044002789,0.7554066397169565,-0.08399325044854339
37,-0.48928652282995283,-0.09784403053400495,-0.4222700882808271,-0.20572047183652842
36,-0.3637197444210615,-0.2412788729688919,-0.13344771125487517,-0.2773375998417722
45,-0.17249002204997366,-0.3965705081431746,-0.3918473904996188,-0.26398170149652644
35,0.0,0.0,0.0,0.0
24,0.0038394600707754994,-0.010380088931341874,-0.0052268573843438975,-0.0083167442184623
32,0.0021352144530158977,-0.0197793338820987,-0.01633221813649206,-0.021869981300820157
33,-0.173727877894291,-0.33661,-0.2648734606898172,-0.11425133307463971
40,0.0012325764707340496,-0.3399616718752294,-0.48874869828056977,-0.3059726609039042
41,0.0,0.0,0.0,0.0
25,-0.045493340387266504,-0.0453329046370155,-0.0455343951908749,-0.04455962294856231
48,0.000689514086779689,-0.4574467845635013,-0.13257006021999107,-0.5160973243841701
49,0.0,0.0,0.0,0.0
34,-0.4612077082584818,-0.4988953731271993,-0.45218012056712464,-0.4416159578155784
42,0.0,0.0,0.0,0.0
21,-0.24686151287248145,-0.28900526173940566,-0.32136995122714374,0.033429818521204
27,-0.5695327900000001,-0.4138375803342017,-0.6756601944364713,-0.5439509915696967
56,0.00044046167473339606,-0.0017568372939622,-0.0008942869144983569,-0.0017753954592759544
46,0.0,0.0,0.0,0.0
57,-0.40951000000000004,-0.005490538961320305,-0.31951,-0.0729
44,-0.30278173449637075,-0.4402932159730222,-0.2783433982556138,-0.18591888232807996
43,-0.5582954130984522,-0.4848504651069687,-0.37476610549919886,-0.4967164648179889
58,-0.059496250340480186,-0.19,-0.09,-0.0729
59,0.0,0.0,0.0,0.0
50,-0.34390000000000004,-0.3080126608736622,-0.19841510509697313,-0.26905069774932167
51,-0.4098001868785328,-0.333501929238444,-0.271,-0.25922087274374567
52,0.0,0.0,0.0,0.0
63,0.0,0.0,0.0,0.0
53,-0.4966441101225655,-0.503535369511,-0.2753200134629339,-0.509247831449523
54,0.0,0.0,0.0,0.0
61,-0.01956683447031336,0.32509749484669476,0.06684777537009111,0.0
62,-0.19,0.6196886262969538,-0.1,-0.0099999999999999
60,-0.19,-0.17687287636229243,-0.1887799738709675,-0.23130956038214973
